size,time,flops,add,mul
1,0.000020,1,0,1
2,0.000015,12,4,8
3,0.000016,45,18,27
4,0.000023,112,48,64
5,0.000024,225,100,125
6,0.000033,477,288,189
7,0.000036,718,402,316
8,0.000039,1072,624,448
9,0.000044,1489,824,665
10,0.000045,2025,1150,875
11,0.000059,2666,1460,1206
12,0.000059,3987,2664,1323
13,0.000074,4900,3108,1792
14,0.000081,5908,3696,2212
15,0.000095,7141,4298,2843
16,0.000089,8656,5520,3136
17,0.000121,10257,6304,3953
18,0.000560,11881,7226,4655
19,0.000169,13898,8216,5682
20,0.000128,15975,9850,6125
21,0.000136,18456,11070,7386
22,0.000284,20840,12398,8442
23,0.000661,23833,13872,9961
24,0.000864,30501,21240,9261
25,0.000441,34054,22992,11062
26,0.000189,37342,24798,12544
27,0.000531,41503,26852,14651
28,0.000249,44884,29400,15484
29,0.000601,49701,31780,17921
30,0.000320,54037,34136,19901
31,0.000686,59558,36866,22692
32,0.000434,65200,43248,21952
33,0.000663,71473,46352,25121
34,0.000584,77001,49330,27671
35,0.000660,84074,52832,31242
36,0.000777,88999,56414,32585
37,0.001296,96920,60338,36582
38,0.001219,103784,64010,39774
39,0.001038,112601,68380,44221
40,0.001042,119025,76150,42875
41,0.000795,128786,80990,47796
42,0.000870,137130,85428,51702
43,0.000912,147883,90762,57121
44,0.001047,154592,95498,59094
45,0.001593,166385,101350,65035
46,0.001381,176353,106626,69727
47,0.001933,189234,113020,76214
48,0.001613,223875,159048,64827
49,0.001424,237892,166008,71884
50,0.001424,249628,172194,77434
51,0.001634,264829,179744,85085
52,0.001752,273562,185754,87808
53,0.002060,289995,193918,96077
54,0.002169,303643,201086,102557
55,0.002141,321356,209888,111468
56,0.002220,328300,219912,108388
57,0.002164,347341,229376,117965
58,0.002206,363045,237598,125447
59,0.002186,383462,247748,135714
60,0.002406,394459,255152,139307
61,0.002554,416300,266012,150288
62,0.002184,434204,275360,158844
63,0.002459,457517,286954,170563
64,0.002758,474832,321168,153664
65,0.002623,499665,333520,166145
66,0.002879,519913,344066,175847
67,0.002580,546314,357200,189114
68,0.003172,559815,366118,193697
69,0.003237,587832,380058,207774
70,0.002971,610568,391874,218694
71,0.002851,640249,406644,233605
72,0.002827,646321,418226,228095
73,0.003432,677714,433850,243864
74,0.003743,703082,447008,256074
75,0.003087,736235,463510,272725
76,0.003200,752480,474062,278418
77,0.003916,787441,491466,295975
78,0.003483,815585,506038,309547
79,0.004818,852402,524368,328034
80,0.004317,861975,561850,300125
81,0.004644,900696,581130,319566
82,0.004875,931760,597188,334572
83,0.004996,972433,617442,354991
84,0.004511,991662,629748,361914
85,0.004476,1034335,651000,383335
86,0.004159,1068463,668616,399847
87,0.004345,1113184,690890,422294
88,0.004133,1116992,703334,413658
89,0.006462,1163809,726654,437155
90,0.005335,1201145,745900,455245
91,0.004412,1250106,770290,479816
92,0.004948,1272559,784470,488089
93,0.005462,1323712,809954,513758
94,0.005203,1364400,830902,533498
95,0.005557,1417793,857504,560289
96,0.005707,1608597,1154808,453789
97,0.007145,1664278,1182552,481726
98,0.006279,1708462,1205274,503188
99,0.005833,1766479,1234184,532295
100,0.005847,1792396,1250358,542038
101,0.006066,1852797,1280458,572339
102,0.007719,1900621,1305026,595595
103,0.007622,1963454,1336340,627114
104,0.006272,1963606,1348950,614656
105,0.008939,2028919,1381502,647417
106,0.007400,2080527,1407988,672539
107,0.006866,2148368,1441802,706566
108,0.007794,2177989,1460090,717899
109,0.007805,2248406,1495190,753216
110,0.006876,2303942,1523666,780276
111,0.008365,2376983,1560076,816907
112,0.007645,2354548,1595832,758716
113,0.008751,2430261,1633576,796685
114,0.010830,2489869,1664114,825755
115,0.008680,2568302,1703216,865086
116,0.009012,2601867,1723738,878129
117,0.009844,2683068,1764222,918846
118,0.009054,2746892,1796894,949998
119,0.009502,2830909,1838784,992125
120,0.008829,2826013,1850864,975149
121,0.008604,2912894,1894184,1018710
122,0.009329,2981078,1929062,1052016
123,0.008611,3070871,1973836,1097035
124,0.008790,3108620,1996712,1111908
125,0.009834,3201373,2042964,1158409
126,0.010420,3274061,2080120,1193941
127,0.010657,3369822,2127874,1241948
128,0.009534,3397552,2321904,1075648
129,0.009970,3496369,2371184,1125185
130,0.009632,3573705,2410690,1163015
131,0.012874,3675626,2461520,1214106
132,0.012487,3717799,2486870,1230929
133,0.011523,3822872,2539274,1283598
134,0.012369,3905000,2581202,1323798
135,0.013625,4013273,2635204,1378069
136,0.013320,4001937,2646058,1355879
137,0.013773,4113458,2701682,1411776
138,0.012487,4200522,2746104,1454418
139,0.012468,4315339,2803374,1511965
140,0.012204,4362176,2831318,1530858
141,0.014327,4480337,2890258,1590079
142,0.013892,4572481,2937246,1635235
143,0.016041,4694034,2997880,1696154
144,0.014737,4617559,3020894,1596665
145,0.017925,4742552,3083246,1659306
146,0.016167,4839920,3132872,1707048
147,0.015925,4968401,3196966,1771435
148,0.017445,5020142,3227624,1792518
149,0.015602,5152159,3293484,1858675
150,0.015986,5254895,3345820,1909075
151,0.015926,5390496,3413470,1977026
152,0.018601,5371328,3422402,1948926
153,0.016170,5510561,3491866,2018695
154,0.016351,5618809,3546984,2071825
155,0.016937,5761722,3618286,2143436
156,0.019628,5818607,3651778,2166829
157,0.019144,5965248,3724942,2240306
158,0.016699,6079152,3782914,2296238
159,0.017175,6229569,3857964,2371605
160,0.018749,6149025,4048150,2100875
161,0.019986,6303266,4125110,2178156
162,0.018776,6422970,4186008,2236962
163,0.019004,6581083,4264902,2316181
164,0.017744,6643352,4301348,2342004
165,0.019756,6805385,4382200,2423185
166,0.018024,6931033,4446096,2484937
167,0.018645,7097034,4528930,2568104
168,0.018201,7068642,4535244,2533398
169,0.021319,7238659,4620084,2618575
170,0.022185,7370395,4687050,2683345
171,0.021170,7544476,4773920,2770556
172,0.022204,7612369,4813440,2798929
173,0.020044,7790562,4902364,2888198
174,0.022787,7928530,4972472,2956058
175,0.023060,8110883,5063474,3047409
176,0.021548,7958336,5062730,2895606
177,0.023769,8144897,5155834,2989063
178,0.023554,8289241,5229156,3060085
179,0.025787,8480058,5324386,3155672
180,0.025834,8553815,5367100,3186715
181,0.023310,8748936,5464480,3284456
182,0.025425,8899800,5541088,3358712
183,0.025251,9099273,5640642,3458631
184,0.029705,9060265,5643642,3416623
185,0.026914,9264138,5745394,3518744
186,0.025706,9421666,5825360,3596306
187,0.025265,9629987,5929334,3700653
188,0.026108,9709848,5975362,3734486
189,0.027274,9922665,6081582,3841083
190,0.026243,10087001,6164978,3922023
191,0.032411,10304362,6273468,4030894
192,0.031611,11426067,8249544,3176523
193,0.030322,11648020,8360328,3287692
194,0.031057,11819308,8447226,3372082
195,0.031854,12045901,8560328,3485573
196,0.032863,12132106,8609790,3522316
197,0.030530,12363387,8725234,3638153
198,0.030448,12541771,8815706,3726065
199,0.030759,12777788,8933516,3844272
200,0.032194,12726772,8932506,3794266
201,0.033035,12967573,9052706,3914867
202,0.034589,13153197,9146824,4006373
203,0.034614,13398830,9269438,4129392
204,0.032935,13491619,9322454,4169165
205,0.034731,13742132,9447506,4294626
206,0.034753,13935140,9545342,4389798
207,0.033295,14190581,9672856,4517725
208,0.032942,13939930,9637338,4302592
209,0.035575,14200347,9767338,4433009
210,0.034070,14400883,9868964,4531919
211,0.034750,14666324,10001474,4664850
212,0.033155,14765937,10058164,4707773
213,0.036924,15036450,10193208,4843242
214,0.037548,15244658,10298696,4945962
215,0.038257,15520291,10436298,5083993
216,0.037516,15455875,10430582,5025293
217,0.040445,15736676,10570766,5165910
218,0.036972,15952700,10680188,5272512
219,0.037301,16238717,10822978,5415739
220,0.037711,16345394,10883462,5461932
221,0.044001,16636675,11028882,5607793
222,0.043547,16860659,11142310,5718349
223,0.042881,17157252,11290384,5866868
224,0.041517,16707628,11396616,5311012
225,0.047077,17009581,11547368,5462213
226,0.045477,17241669,11664874,5576795
227,0.046176,17549030,11818328,5730702
228,0.046587,17663011,11882726,5780285
229,0.048983,17975828,12038906,5936922
230,0.047978,18216164,12160562,6055602
231,0.045116,18534485,12319492,6214993
232,0.045348,18455277,12308374,6146903
233,0.046894,18779150,12470078,6309072
234,0.050502,19027878,12595956,6431922
235,0.055050,19357351,12760458,6596893
236,0.051598,19478876,12828890,6649986
237,0.047322,19813997,12996214,6817783
238,0.054304,20071261,13126386,6944875
239,0.049579,20412078,13296556,7115522
240,0.055136,20041291,13215248,6826043
241,0.054628,20387852,13388288,6999564
242,0.054440,20653796,13522826,7130970
243,0.052843,21006149,13698760,7307389
244,0.051796,21135458,13771346,7364112
245,0.055934,21493651,13950198,7543453
246,0.055720,21768419,14089174,7679245
247,0.056914,22132500,14270968,7861532
248,0.055409,22037108,14253752,7783356
249,0.057252,22407125,14438512,7968613
250,0.060496,22690861,14581998,8108863
251,0.056128,23066862,14769748,8297114
252,0.054458,23204195,14846608,8357587
253,0.056248,23586228,15037372,8548856
254,0.059816,23879076,15185440,8693636
255,0.060526,24267189,15379242,8887947
256,0.052946,24077776,16548240,7529536
257,0.057107,24472017,16745104,7726913
258,0.063065,24774121,16897826,7876295
259,0.057631,25174538,17097776,8076762
260,0.056199,25320135,17179030,8141105
261,0.055311,25726776,17382090,8344686
262,0.058427,26038280,17539538,8498742
263,0.057017,26451193,17745732,8705461
264,0.061025,26338225,17721722,8616503
265,0.062345,26757458,17931074,8826384
266,0.061225,27078506,18093320,8985186
267,0.061605,27504107,18305854,9198253
268,0.064377,27658208,18391622,9266586
269,0.066040,28090225,18607362,9482863
270,0.070936,28420961,18774478,9646483
271,0.067323,28859442,18993448,9865994
272,0.067737,28346487,18855334,9491153
273,0.065916,28791480,19077558,9713922
274,0.066170,29132048,19249616,9882432
275,0.067154,29583601,19475118,10108483
276,0.065742,29746446,19565520,10180926
277,0.069057,30204607,19794324,10410283
278,0.072562,30555151,19971396,10583755
279,0.068644,31019968,20203526,10816442
280,0.067929,30888032,20172026,10716006
281,0.069464,31359553,20407506,10952047
282,0.069576,31720217,20589664,11130553
283,0.072093,32198490,20828518,11369972
284,0.077918,32370319,20923674,11446645
285,0.078518,32855392,21165926,11689466
286,0.076640,33226320,21353242,11873078
287,0.076453,33718241,21598916,12119325
288,0.075356,32696161,21519506,11176655
289,0.076134,33194978,21768626,11426352
290,0.082090,33576314,21961172,11615142
291,0.088683,34082075,22213762,11868313
292,0.083880,34263128,22313792,11949336
293,0.115144,34775881,22569876,12206005
294,0.089198,35167769,22767724,12400045
295,0.088163,35687562,23027326,12660236
296,0.086872,35535266,22987640,12547626
297,0.089703,36062147,23250784,12811363
298,0.083963,36464731,23454006,13010725
299,0.099010,36998748,23720716,13278032
300,0.092447,37189265,23825740,13363525
301,0.094236,37730466,24096040,13634426
302,0.093924,38143890,24304708,13839182
303,0.095722,38692323,24578622,14113701
304,0.086472,38015168,24372686,13642482
305,0.085763,38570881,24650238,13920643
306,0.091922,38995289,24864424,14130865
307,0.100713,39558330,25145638,14412692
308,0.097210,39758551,25255776,14502775
309,0.094967,40328968,25540676,14788292
310,0.095142,40764504,25760452,15004052
311,0.097943,41342345,26049062,15293283
312,0.094109,41168297,26000494,15167803
313,0.102842,41753610,26292838,15460772
314,0.102743,42200418,26518276,15682142
315,0.111207,42793251,26814378,15978873
316,0.108912,43003416,26929750,16073666
317,0.100539,43603817,27229634,16374183
318,0.106182,44062041,27460806,16601235
319,0.104936,44670058,27764496,16905562
320,0.103683,43503975,28797850,14706125
321,0.102260,44119656,29105370,15014286
322,0.098934,44589440,29342348,15247092
323,0.111671,45212833,29653722,15559111
324,0.108107,45433182,29774448,15658734
325,0.097538,46064335,30089700,15974635
326,0.107637,46545823,30332556,16213267
327,0.111188,47184784,30651710,16533074
328,0.108116,46987592,30593564,16394028
329,0.111762,47634409,30916644,16717765
330,0.105975,48127745,31165450,16962295
331,0.109448,48782466,31492480,17289986
332,0.115603,49013239,31618680,17394559
333,0.114446,49675912,31949684,17726228
334,0.119698,50181240,32204512,17976728
335,0.112754,50851913,32539514,18312399
336,0.118318,49988526,32254740,17733786
337,0.113865,50667247,32593764,18073483
338,0.114499,51184711,32854686,18330025
339,0.110884,51871528,33197756,18673772
340,0.115591,52112965,33329550,18783415
341,0.110795,52807926,33676690,19131236
342,0.114357,53337670,33943778,19393892
343,0.117789,54040823,34295012,19745811
344,0.117660,53819095,34226592,19592503
345,0.120287,54530488,34581944,19948544
346,0.125429,55072656,34855270,20217386
347,0.119372,55792337,35214764,20577573
348,0.124884,56044678,35352272,20692406
349,0.122290,56772695,35715932,21056763
350,0.122057,57327431,35995568,21331863
351,0.126735,58063832,36363418,21700414
352,0.120355,56265920,35996678,20269242
353,0.122851,57010753,36368742,20642011
354,0.125539,57578201,36654760,20923441
355,0.128425,58331514,37031062,21300452
356,0.125671,58594999,37174404,21420595
357,0.128147,59356840,37554968,21801872
358,0.129329,59937144,37847440,22089704
359,0.136163,60707561,38232290,22475271
360,0.128859,60459905,38152900,22307005
361,0.134288,61238946,38542060,22696886
362,0.135891,61832250,38841058,22991192
363,0.140184,62619963,39234552,23385411
364,0.143462,62894832,39383848,23510984
365,0.139909,63691265,39781700,23909565
366,0.142296,64297713,40087296,24210417
367,0.141647,65102914,40489530,24613384
368,0.137603,64031263,40114902,23916361
369,0.138202,64845280,40521542,24323738
370,0.137257,65465016,40833808,24631208
371,0.142020,66287897,41244878,25043019
372,0.142051,66574390,41400248,25174142
373,0.143710,67406183,41815772,25590411
374,0.149783,68039351,42134780,25904571
375,0.151837,68880104,42554782,26325322
376,0.154623,68605128,42463726,26141402
377,0.156181,69454889,42888230,26566659
378,0.156098,70101633,43214052,26887581
379,0.150483,70960450,43643082,27317368
380,0.154238,71258807,43804646,27454161
381,0.155898,72126728,44238226,27888502
382,0.155194,72787192,44570934,28216258
383,0.161913,73664265,45009088,28655177
384,0.168404,80646021,58410360,22235661
385,0.168564,81532294,58853112,22679182
386,0.166866,82206622,59192778,23013844
387,0.173442,83102143,59640152,23461991
388,0.175264,83412604,59808030,23604574
389,0.175898,84317421,60260050,24057371
390,0.186362,85005757,60606746,24399011
391,0.188718,85919918,61063436,24856482
392,0.182206,85616230,60960018,24656212
393,0.184332,86539783,61421402,25118381
394,0.188885,87242271,61775200,25467071
395,0.186331,88175264,62241302,25933962
396,0.191301,88498069,62415614,26082455
397,0.183113,89440550,62886458,26554092
398,0.187155,90157334,63247430,26909904
399,0.191433,91109351,63723040,27386311
400,0.189538,89807404,63247542,26559862
401,0.189520,90769005,63727942,27041063
402,0.196826,91500229,64096160,27404069
403,0.201595,92471462,64581374,27890088
404,0.194251,92806851,64762240,28044611
405,0.190568,93787764,65252292,28535472
406,0.195493,94533572,65627828,28905744
407,0.198022,95524213,66122742,29401471
408,0.194778,95190421,66006266,29184155
409,0.199252,96190838,66506066,29684772
410,0.201695,96951374,66888992,30062382
411,0.205956,97961615,67393702,30567913
412,0.204715,98309828,67581242,30728586
413,0.212023,99329941,68090886,31239055
414,0.213827,100105349,68481274,31624075
415,0.216252,101135382,68995876,32139506
416,0.217420,98358262,68240118,30118144
417,0.208890,99398263,68759702,30638561
418,0.203901,100188687,69157624,31031063
419,0.208573,101238704,69682214,31556490
420,0.209900,101599981,69876548,31723433
421,0.208525,102660062,70406168,32253894
422,0.220169,103465646,70811696,32653950
423,0.219068,104535839,71346370,33189469
424,0.225320,104170551,71216140,32954411
425,0.220366,105250904,71755892,33495012
426,0.220929,106071792,72169098,33902694
427,0.217227,107162353,72713952,34448401
428,0.227970,107536934,72915200,34621734
429,0.230573,108637751,73465180,35172571
430,0.231268,109474087,73886136,35587951
431,0.227396,110585208,74441266,36143942
432,0.220125,109030933,73853882,35177051
433,0.244416,110152406,74414186,35738220
434,0.244754,111004334,74842964,36161370
435,0.282543,112136207,75408466,36727741
436,0.246045,112524332,75616748,36907584
437,0.252273,113666653,76187472,37479181
438,0.265529,114534317,76624144,37910173
439,0.270013,115687134,77200114,38487020
440,0.275750,115288958,77055434,38233524
441,0.282515,116452319,77636674,38815645
442,0.265694,117335863,78081312,39254551
443,0.278766,118509816,78667846,39841970
444,0.278879,118911725,78883282,40028443
445,0.269659,120096318,79475134,40621184
446,0.280324,120995886,79927810,41068076
447,0.283784,122191167,80525004,41666163
448,0.261969,117856564,80679480,37177084
449,0.258881,119062581,81282040,37780541
450,0.259801,119978317,81742826,38235491
451,0.274000,121195118,82350776,38844342
452,0.263242,121611051,82573486,39037565
453,0.271525,122838684,83186850,39651834
454,0.295818,123770732,83655818,40114914
455,0.287661,125009245,84274620,40734625
456,0.277907,124576789,84114794,40461995
457,0.305021,125826230,84739058,41087172
458,0.304043,126774734,85216280,41558454
459,0.290992,128035151,85846030,42189121
460,0.305771,128465348,86076134,42389214
461,0.286575,129736789,86711394,43025395
462,0.285426,130701893,87196942,43504951
463,0.306556,131984406,87837736,44146670
464,0.292599,130155771,87127450,43028321
465,0.300316,131449404,87773802,43675602
466,0.313589,132431252,88267748,44163504
467,0.313430,133736053,88919682,44816371
468,0.316250,134180754,89157300,45023454
469,0.302857,135496771,89814840,45681931
470,0.322038,136495507,90317256,46178251
471,0.325528,137822788,90980426,46842362
472,0.317511,137354660,90804758,46549902
473,0.324887,138693253,91473582,47219671
474,0.326473,139709021,91984540,47724481
475,0.332517,141058974,92659042,48399932
476,0.339817,141518419,92904294,48614125
477,0.307235,142879780,93584498,49295282
478,0.337025,143912724,94104070,49808654
479,0.356567,145285541,94790000,50495541
480,0.331579,141325837,93543536,47782301
481,0.320670,142710158,94235216,48474942
482,0.322900,143760422,94763474,48996948
483,0.334439,145156295,95460928,49695367
484,0.340915,145630724,95713934,49916790
485,0.332726,147038197,96417186,50621011
486,0.338967,148105925,96954202,51151723
487,0.348315,149525046,97663276,51861770
488,0.346696,149019854,97471070,51548784
489,0.363001,150450671,98185990,52264681
490,0.352056,151536007,98731836,52804171
491,0.349588,152978568,99452626,53525942
492,0.340663,153468221,99713506,53754715
493,0.357149,154922574,100440190,54482384
494,0.355393,156025662,100994938,55030724
495,0.349789,157491855,101727540,55764315
496,0.361179,155366828,100883336,54483492
497,0.358877,156844909,101621880,55223029
498,0.362673,157965893,102185602,55780291
499,0.358847,159455910,102930112,56525798
500,0.364012,159961027,103198986,56762041
501,0.365853,161463028,103949486,57513542
502,0.370402,162602052,104522254,58079798
503,0.382357,164116085,105278768,58837317
504,0.369753,163572437,105069328,58503109
505,0.377189,165098550,105831880,59266670
506,0.390889,166255758,106413766,59841992
507,0.392569,167793999,107182380,60611619
508,0.376083,168314820,107459368,60855452
509,0.415667,169865237,108234068,61631169
510,0.385682,171040773,108825144,62215629
511,0.399670,172603414,109605954,62997460
512,0.374380,169724080,117017328,52706752
513,0.365226,171298993,117804272,53494721
514,0.352902,172493001,118404610,54088391
515,0.359994,174080234,119197712,54882522
516,0.383514,174616999,119482934,55134065
517,0.359818,176216600,120282218,55934382
518,0.363118,177429224,120891890,56537334
519,0.365332,179041241,121697380,57343861
520,0.360137,178457745,121470010,56987735
521,0.367334,180082226,122281730,57800496
522,0.395956,181313610,122900808,58412802
523,0.363737,182950603,123718782,59231821
524,0.384357,183503552,124012358,59491194
525,0.392025,185153105,124836610,60316495
526,0.373132,186403393,125465166,60938227
527,0.385578,188065554,126295720,61769834
528,0.384255,185622103,125306582,60315521
529,0.373055,187296920,126143462,61153458
530,0.381641,188566256,126781568,61784688
531,0.384930,190253777,127624798,62628979
532,0.380587,190823150,127926848,62896302
533,0.399030,192523423,128776452,63746971
534,0.402013,193811951,129424180,64387771
535,0.388707,195525024,130280182,65244842
536,0.399696,194900288,130034186,64866102
537,0.405526,196626209,130896610,65729599
538,0.409773,197934073,131554032,66380041
539,0.417697,199672890,132422902,67249988
540,0.418900,200258927,132733546,67525381
541,0.415955,202010688,133608886,68401802
542,0.417788,203338032,134276074,69061958
543,0.423188,205102785,135157908,69944877
544,0.414733,199757121,133319050,66438071
545,0.391104,201534914,134207402,67327512
546,0.409708,202881882,134884428,67997454
547,0.421446,204672763,135779322,68893441
548,0.430166,205275704,136098680,69177024
549,0.440914,207079721,137000140,70079581
550,0.430840,208446457,137687076,70759381
551,0.422337,210263658,138595126,71668532
552,0.445052,209596290,138329808,71266482
553,0.423213,211426723,139244472,72182251
554,0.419614,212813371,139941390,72871981
555,0.434599,214657084,140862692,73794392
556,0.437566,215277169,141190884,74086285
557,0.455890,217134210,142118848,75015362
558,0.447736,218540914,142825820,75715094
559,0.455608,220411331,143760470,76650861
560,0.439867,217627424,142615382,75012042
561,0.447403,219511265,143556742,75954523
562,0.454747,220938169,144273840,76664329
563,0.459512,222835482,145221934,77613548
564,0.455170,223472951,145559080,77913871
565,0.461430,225383784,146513932,78869852
566,0.473178,226831032,147241228,79589804
567,0.483771,228755433,148202862,80552571
568,0.470768,228044041,147917526,80126515
569,0.470231,229982058,148885966,81096092
570,0.481083,231449794,149623532,81826262
571,0.503077,233401475,150598802,82802673
572,0.486783,234056568,150945022,83111546
573,0.478900,236021961,151927146,84094815
574,0.493945,237510329,152675054,84835275
575,0.492572,239489482,153664056,85825426
576,0.464514,230366119,152129534,78236585
577,0.472712,232359080,153125438,79233642
578,0.485041,233868224,153883760,79984464
579,0.481856,235875041,154886590,80988451
580,0.477639,236547998,155242004,81305994
581,0.488689,238568719,156251784,82316935
582,0.475765,240098783,157020592,83078191
583,0.499063,242133456,158037346,84096110
584,0.480252,241376648,157731296,83645352
585,0.484167,243425321,158755048,84670273
586,0.495512,244976449,159534414,85442035
587,0.528800,247039170,160565188,86473982
588,0.497213,247730231,160929916,86800315
589,0.496998,249807048,161967736,87839312
590,0.520132,251379384,162757732,88621652
591,0.510586,253470345,163802622,89667723
592,0.498333,250323950,162490568,87833382
593,0.518705,252429103,163542552,88886551
594,0.509167,254022791,164343250,89679541
595,0.517361,256142184,165402352,90739832
596,0.514275,256851589,165776514,91075075
597,0.518438,258985270,166842758,92142512
598,0.513249,260600454,167654230,92946224
599,0.525059,262748471,168727640,94020831
600,0.538320,261944855,168400180,93544675
601,0.546404,264107256,169480780,94626476
602,0.571378,265744080,170303098,95440982
603,0.557457,267920913,171390912,96530001
604,0.562262,268648902,171774628,96874274
605,0.564193,270840215,172869680,97970535
606,0.569142,272498823,173702916,98795907
607,0.583528,274704664,174805230,99899434
608,0.550423,267769664,172272290,95497374
609,0.578852,269990081,173381890,96608191
610,0.587139,271670617,174226116,97444501
611,0.589593,273905658,175343026,98562632
612,0.595530,274652471,175736416,98916055
613,0.605374,276902184,176860660,100041524
614,0.595702,278604792,177715948,100888844
615,0.619267,280869225,178847550,102021675
616,0.604257,280017409,178497984,101519425
617,0.591727,282296610,179636968,102659642
618,0.612133,284021434,180503390,103518044
619,0.614185,286315451,181649780,104665671
620,0.617159,287081328,182052964,105028364
621,0.617410,289390209,183206784,106183425
622,0.634786,291137393,184084412,107052981
623,0.647920,293461186,185245686,108215500
624,0.605943,289930271,183755650,106174621
625,0.630225,292269024,184924402,107344622
626,0.622261,294038712,185813308,108225404
627,0.639392,296392473,186989562,109402911
628,0.642019,297177654,187402660,109774994
629,0.632175,299546471,188586440,110960031
630,0.643386,301338807,189486696,111852111
631,0.660663,303722728,190678026,113044702
632,0.655636,302821320,190305658,112515662
633,0.662105,305220393,191504562,113715831
634,0.675345,307035521,192416240,114619281
635,0.667078,309449794,193622742,115827052
636,0.660926,310254519,194045874,116208645
637,0.674454,312684040,195259998,117424042
638,0.659504,314522104,196183170,118338934
639,0.655924,316966921,197404940,119561981
640,0.614764,306371025,203428150,102942875
641,0.644937,308831186,204657590,104173596
642,0.653853,310692330,205592328,105100002
643,0.635805,313167883,206829462,106338421
644,0.631789,313992392,207262748,106729644
645,0.652689,316483385,208507600,107975785
646,0.682825,318367753,209453976,108913777
647,0.651995,320874234,210706570,110167664
648,0.664873,319921842,210310704,109611138
649,0.666838,322443859,211571064,110872795
650,0.669667,324351595,212529150,111822445
651,0.685396,326889196,213797300,113091896
652,0.671596,327733729,214240860,113492869
653,0.689064,330286962,215516824,114770138
654,0.684931,332218210,216486692,115731518
655,0.711745,334787123,217770494,117016629
656,0.658790,330849656,216091460,114758196
657,0.693156,333434297,217383124,116051173
658,0.684366,335389201,218364846,117024355
659,0.721285,337989618,219664396,118325222
660,0.678907,338854415,220118350,118736065
661,0.705132,341470656,221425810,120044846
662,0.726452,343449360,222419458,121029902
663,0.750922,346081473,223734852,122346621
664,0.736230,345076705,223314792,121761913
665,0.760572,347724738,224638144,123086594
666,0.724242,349727386,225643790,124083596
667,0.750430,352391387,226975124,125416263
668,0.750842,353276688,227439592,125837096
669,0.738197,355956705,228778932,127177773
670,0.752451,357983441,229796648,128186793
671,0.741803,360679522,231144018,129535504
672,0.717447,351951810,227815308,124136502
673,0.726848,354664003,229170732,125493271
674,0.717640,356714971,230200590,126514381
675,0.735417,359443324,231564092,127879232
676,0.747397,360349369,232039194,128310175
677,0.730541,363093930,233410798,129683132
678,0.762163,365169274,234452870,130716404
679,0.777602,367930091,235832600,132097491
680,0.777514,366871555,235387650,131483905
681,0.763316,369648676,236775530,132873146
682,0.756109,371748540,237829888,133918652
683,0.772448,374542013,239225942,135316071
684,0.760617,375469042,239711798,135757244
685,0.785069,378278915,241116050,137162865
686,0.772528,380403443,242182766,138220677
687,0.816844,383229764,243595240,139634524
688,0.764342,378863713,241716192,137147521
689,0.808426,381706530,243136912,138569618
690,0.874048,383855866,244216058,139639808
691,0.783375,386715227,245645048,141070179
692,0.786929,387663480,246141778,141521702
693,0.789392,390539433,247579062,142960371
694,0.801931,392713721,248670710,144043011
695,0.821913,395606314,250116312,145490002
696,0.809054,394492618,249645776,144846842
697,0.808374,397401899,251099720,146302179
698,0.837683,399601283,252203942,147397341
699,0.829036,402527300,253666252,148861048
700,0.867020,403497017,254173976,149323041
701,0.873512,406439818,255644676,150795142
702,0.874446,408664442,256761544,151902898
703,0.880580,411624075,258240658,153383417
704,0.787955,396091712,254207018,141884694
705,0.799891,399068225,255694570,143373655
706,0.817706,401318233,256824156,144494077
707,0.840791,404311674,258320170,145991504
708,0.832938,405303095,258839008,146464087
709,0.845083,408313512,260343508,147970004
710,0.855480,410589048,261485884,149103164
711,0.841944,413616489,262998894,150617595
712,0.842537,412446241,262502076,149944165
713,0.850127,415490754,264023620,151467134
714,0.836328,417791962,265178858,152613104
715,0.853317,420853595,266708960,154144635
716,0.836489,421866960,267239032,154627928
717,0.873038,424945761,268777716,156168045
718,0.868444,427272785,269945888,157326897
719,0.894034,430368802,271493178,158875624
720,0.893425,425552135,269403100,156149035
721,0.889011,428665416,270959020,157706396
722,0.882636,431018400,272140198,158878202
723,0.899717,434148993,273704772,160444221
724,0.895681,435184542,274246198,160938344
725,0.907922,438332495,275819450,162513045
726,0.919975,440711583,277013706,163697877
727,0.918900,443876944,278595660,165281284
728,0.906582,442648752,278071864,164576888
729,0.929461,445831569,279662544,166169025
730,0.919741,448236905,280869950,167366955
731,0.920125,451437226,282469380,168967846
732,0.932568,452495199,283022280,169472919
733,0.940957,455713072,284630484,171082588
734,0.932336,458144800,285851112,172293688
735,0.965412,461380273,287468114,173912159
736,0.945286,450656473,283241946,167414527
737,0.919404,453909594,284867770,169041824
738,0.930545,456367858,286101692,170266166
739,0.926243,459638675,287736362,171902313
740,0.937137,460719312,288300856,172418456
741,0.926696,464007873,289944396,174063477
742,0.931055,466492817,291191684,175301133
743,0.983484,469799170,292844118,176955052
744,0.946954,468511642,292292648,176218994
745,0.971167,471835835,293954000,177881835
746,0.972540,474347603,295214726,179132877
747,1.006005,477689684,296885020,180804664
748,0.952858,478793225,297461228,181331997
749,1.056822,482153242,299140488,183012754
750,0.984970,484691978,300414724,184277254
751,1.007802,488069979,302102974,185967005
752,0.990956,482780664,299790850,182989814
753,1.021151,486176697,301488114,184688583
754,1.007690,488742545,302775932,185966613
755,1.021282,492156658,304482234,187674424
756,1.032009,493283343,305070276,188213067
757,0.989555,496715584,306785640,189929944
758,1.023342,499308688,308087112,191221576
759,1.037751,502759105,309811562,192947543
760,1.043723,501410849,309231722,192179127
761,1.042309,504879490,310965282,193914208
762,1.026122,507499994,312280480,195219514
763,1.063503,510986907,314023174,196963733
764,1.045742,512136976,314623170,197513806
765,1.057284,515642209,316375022,199267187
766,1.044246,518290257,317704018,200586239
767,1.083630,521813858,319465052,202348806
768,1.117773,567176355,411526728,155649627
769,1.121838,570718372,413296968,157421404
770,1.122515,573394108,414639834,158754274
771,1.120021,576954589,416419304,160535285
772,1.109820,578128282,417031374,161096908
773,1.118897,581707275,418820098,162887177
774,1.126290,584410843,420176906,164233937
775,1.160949,588008396,421974908,166033488
776,1.151687,586598020,421366002,165232018
777,1.142824,590214181,423173306,167040875
778,1.161572,592945725,424544128,168401597
779,1.173251,596580542,426360758,170219784
780,1.238809,597778099,426985022,170793077
781,1.199173,601431620,428811002,172620618
782,1.162482,604191284,430195910,173995374
783,1.181259,607863557,432031264,175832293
784,1.217826,602079562,429486078,172593484
785,1.190717,605770635,431330830,174439805
786,1.186390,608558563,432729896,175828667
787,1.157376,612268484,434584070,177684414
788,1.156833,613490145,435220648,178269497
789,1.196247,617218962,437084268,180134694
790,1.189229,620035298,438497564,181537734
791,1.203146,623783059,440370654,183412405
792,1.208037,622309171,439731986,182577185
793,1.227482,626075924,441614570,184461354
794,1.202663,628920812,443042168,185878644
795,1.232444,632706605,444934270,187772335
796,1.231931,633952610,445583282,188369328
797,1.251534,637757491,447484926,190272565
798,1.250388,640631075,448926898,191704177
799,1.260920,644455092,450838108,193616984
800,1.218086,631531828,445612794,185919034
801,1.235834,635375029,447533594,187841435
802,1.233178,638277453,448990012,189287441
803,1.251555,642139886,450920426,191219460
804,1.278273,643410475,451581992,191828483
805,1.260740,647292188,453522044,193770144
806,1.284525,650223596,454992980,195230616
807,1.292412,654124637,456942694,197181943
808,1.284668,652585845,456273568,196312277
809,1.275222,656506262,458232968,198273294
810,1.289209,659466798,459718494,199748304
811,1.302949,663406639,461687604,201719035
812,1.301340,664702052,462361844,202340208
813,1.334290,668661365,464340688,204320677
814,1.417494,671651173,465840876,205810297
815,1.332097,675630006,467829478,207800528
816,1.328757,669329299,465040214,204289085
817,1.323028,673327700,467038598,206289102
818,1.346185,676346924,468553520,207793404
819,1.337816,680364941,470561710,209803231
820,1.329462,681685418,471248744,210436674
821,1.336598,685723099,473266764,212456335
822,1.376878,688771883,474796492,213975391
823,1.406742,692829276,476824366,216004910
824,1.328715,691224188,476124086,215100102
825,1.396258,695301341,478161838,217139503
826,1.357292,698379829,479706444,218673385
827,1.368750,702476790,481754098,220722692
828,1.384606,703822571,482454046,221368525
829,1.378990,707939388,484511626,223427762
830,1.402775,711047724,486071182,224976542
831,1.408446,715184445,488138712,227045733
832,1.327119,691622842,480795834,210827008
833,1.355968,695779515,482873338,212906177
834,1.355047,698917843,484447916,214469927
835,1.369470,703094516,486535418,216559098
836,1.346199,704465841,487248400,217217441
837,1.392166,708662562,489345924,219316638
838,1.374928,711831026,490935596,220895430
839,1.372908,716047843,493043166,223004677
840,1.401538,714375067,492311036,222064031
841,1.417196,718612028,494428676,224183352
842,1.410025,721810772,496033514,225777258
843,1.428828,726067925,498161248,227906677
844,1.434483,727465034,498887384,228577650
845,1.450403,731742427,501025236,230717191
846,1.463312,734971595,502645312,232326283
847,1.494295,739269276,504793306,234475970
848,1.414273,732429825,501748948,230680877
849,1.445403,736747842,503907108,232840734
850,1.465292,740007578,505542494,234465084
851,1.471586,744345979,507710844,236635135
852,1.508351,745769112,508450254,237318858
853,1.464722,750127945,510628818,239499127
854,1.480217,753418393,512279586,241138807
855,1.506514,757797706,514468388,243329318
856,1.524982,756055850,513703712,242352138
857,1.519685,760455691,515902776,244552915
858,1.527277,763776995,517568998,246207997
859,1.508322,768197412,519778348,248419064
860,1.548170,769646809,520531152,249115657
861,1.526426,774087850,522750812,251337038
862,1.534783,777440154,524432560,253007594
863,1.582024,781901867,526662554,255239313
864,1.564788,766575763,520336406,246239357
865,1.720651,771058196,522576758,248481438
866,1.810418,774441644,524274104,250167540
867,1.789764,778944845,526524838,252420007
868,1.796483,780420746,527291156,253129590
869,1.865976,784944763,529552296,255392467
870,1.842396,788359499,531265312,257094187
871,1.747404,792904380,533536882,259367498
872,1.785292,791092052,532738964,258353088
873,1.775273,795657845,535020988,260636857
874,1.803931,799104013,536749746,262354267
875,1.844117,803690766,539042248,264648518
876,1.865186,805193411,539822200,265371211
877,1.911136,809801172,542125204,267675968
878,1.891431,813278916,543869776,269409140
879,1.818551,817907733,546183306,271724427
880,1.826748,810507506,542872838,267634668
881,1.924159,815157427,545196918,269960509
882,1.847941,818666891,546957376,271709515
883,1.931729,823337964,549292030,274045934
884,1.925417,824867593,550085736,274781857
885,1.901326,829559866,552430988,277128878
886,1.946415,833101194,554207404,278893790
887,1.857087,837814715,556563278,281251437
888,1.843047,835930523,555731422,280199101
889,1.904353,840665340,558097942,282567398
890,1.855231,844238676,559890388,284348288
891,1.876110,848994837,562267578,286727259
892,1.925517,850551690,563075158,287476532
893,1.969899,855329243,565463042,289866201
894,2.040762,858934731,567271590,291663141
895,1.970989,863733724,569670192,294063532
896,2.023996,828608620,568369032,260239588
897,1.847775,833429101,570778376,262650725
898,1.921925,837066885,572603098,264463787
899,1.994034,841908902,575023208,266885694
900,2.024946,843493219,575844782,267648437
901,1.944107,848356820,578275682,270081138
902,1.908509,852027044,580116650,271910394
903,1.888855,856912277,582558364,274353913
904,1.854073,854954829,581691874,273262955
905,1.894121,859861742,584144426,275717316
906,2.080500,863564550,586001712,277562838
907,2.094365,868493191,588465126,280028065
908,2.126420,870105212,589300814,280804398
909,2.163444,875055629,591775114,283280515
910,2.075899,878791165,593648790,285142375
911,2.119398,883763406,596134000,287629406
912,2.051819,875780371,592546406,283233965
913,2.098442,880774484,595042550,285731934
914,2.056216,884542892,596932688,287610204
915,2.128741,889558925,599439790,290119135
916,2.160993,891198890,600289712,290909178
917,2.199310,896236891,602807796,293429095
918,2.108241,900038315,604714468,295323847
919,2.203892,905098332,607243558,297854774
920,2.051246,903066236,606341738,296724498
921,2.207341,908148317,608881858,299266459
922,2.177773,911982901,610805136,301177765
923,2.172288,917087094,613356310,303730784
924,2.147946,918755243,614220586,304534657
925,2.185195,923881596,616782838,307098758
926,2.113374,927749484,618722794,309026690
927,2.106526,932898045,621296148,311601897
928,2.180044,914965725,613767478,301198247
929,2.227944,920136542,616351958,303784584
930,2.198807,924037878,618308664,305729214
931,2.233435,929230999,620904294,308326705
932,2.183076,930927572,621783044,309144528
933,2.219397,936143045,624389848,311753197
934,2.187870,940077973,626363376,313714597
935,2.138065,945315846,628981378,316334468
936,2.104883,943207710,628043532,315164178
937,2.172228,948468031,630672756,317795275
938,2.256484,952436695,632663178,319773517
939,2.150654,957719512,635303648,322415864
940,2.160953,959444749,636196992,323247757
941,2.309844,964750110,638848732,325901378
942,2.173929,968752654,640856120,327896534
943,2.341294,974080607,643519154,330561453
944,2.361994,965492732,639643418,325849314
945,2.278986,970843325,642317770,328525555
946,2.367276,974879893,644342196,330537697
947,2.296286,980253174,647027890,333225284
948,2.187507,982007315,647935948,334071367
949,2.253304,987403332,650633008,336770324
950,2.418027,991474068,652674544,338799524
951,2.376094,996892869,655382994,341509875
952,2.248449,994707301,654408426,340298875
953,2.256926,1000148934,657128290,343020644
954,2.406187,1004253982,659187008,345066974
955,2.406847,1009718495,661918310,347800185
956,2.416886,1011501780,662841202,348660578
957,2.429597,1016989221,665583966,351405255
958,2.336384,1021128725,667659938,353468787
959,2.526768,1026639142,670414188,356224954
960,2.376146,993428059,658951952,334476107
961,2.361574,998961500,661717712,337243788
962,2.448763,1003135604,663811010,339324594
963,2.444733,1008692117,666588304,342103813
964,2.432122,1010504786,667526150,342978636
965,2.288993,1016084419,670315002,345769417
966,2.319310,1020293267,672425698,347867569
967,2.303811,1025896068,675226132,350669936
968,2.252989,1023631676,674214146,349417530
969,2.273083,1029257693,677026186,352231507
970,2.523552,1033501429,679154352,354347077
971,2.441377,1039150710,681978022,357172688
972,2.340425,1040993003,682930942,358062061
973,2.352429,1046665596,685766266,360899330
974,2.361390,1050944364,687911974,363032390
975,2.449812,1056640317,690758976,365881341
976,2.274560,1047425570,686584082,360841488
977,2.313239,1053144931,689442786,363702145
978,2.383361,1057458875,691606108,365852767
979,2.526004,1063201692,694476538,368725154
980,2.358173,1065073849,695444652,369629197
981,2.620897,1070840170,698326832,372513338
982,2.610007,1075189434,700507840,374681594
983,2.561401,1080979307,703401794,377577513
984,2.491767,1078634699,702351694,376283005
985,2.422167,1084448172,705257446,379190726
986,2.316671,1088832900,707456212,381376688
987,2.540859,1094670021,710373786,384296235
988,2.550220,1096572282,711357214,385215068
989,2.600350,1102433099,714286634,388146465
990,2.453671,1106853435,716503230,390350205
991,2.686852,1112737996,719444520,393293476
992,2.572852,1091996084,710611640,381384444
993,2.481129,1097904437,713564824,384339613
994,2.621721,1102360525,715799322,386561203
995,2.495382,1108292718,718764424,389528294
996,2.649731,1110225323,719763286,390462037
997,2.610352,1116181404,722740330,393441074
998,2.687925,1120673388,724992802,395680586
999,2.735304,1126653405,727981812,398671593
1000,2.732502,1124227189,726892902,397334287
1001,2.727633,1130231190,729893902,400337288
1002,2.802475,1134759214,732164420,402594794
1003,2.724137,1140787247,735177434,405609813
1004,2.721098,1142750436,736191850,406558586
1005,2.589949,1148802549,739216902,409585647
1006,2.616728,1153366757,741505538,411861219
1007,2.695808,1159442998,744542652,414900346
1008,2.510167,1149579347,740057584,409521763
1009,2.567582,1155679764,743106784,412572980
1010,2.707625,1160280300,745413610,414866690
1011,2.745347,1166404941,748474920,417930021
1012,2.625114,1168398954,749505010,418893944
1013,2.775272,1174547867,752578454,421969413
1014,2.846745,1179184875,754903542,424281333
1015,2.802849,1185358108,757989144,427368964
1016,2.835080,1182848892,756860728,425988164
1017,2.774764,1189046493,759958512,429087981
1018,2.729866,1193720117,762301934,431418183
1019,2.869441,1199942134,765411924,434530210
1020,2.786937,1201967211,766457808,435509403
1021,2.882454,1208213692,769580028,438633664
1022,2.778811,1212924076,771941856,440982220
1023,2.779090,1219195069,775076330,444118739
1024,2.525907,1192787152,823839888,368947264
1025,2.362481,1199082705,826986640,372096065
1026,2.314652,1203829993,829366946,374463047
1027,2.325076,1210150154,832526000,377624154
1028,2.353844,1212206535,833587798,378618737
1029,2.350140,1218551352,836759178,381792174
1030,2.388624,1223335688,839158034,384177654
1031,2.390321,1229705209,842341764,387363445
1032,2.394654,1227111601,841173146,385938455
1033,2.423850,1233505874,844369250,389136624
1034,2.423648,1238327402,846786728,391540674
1035,2.414368,1244746475,849995230,394751245
1036,2.437197,1246834400,851073062,395761338
1037,2.474425,1253278321,854293986,398984335
1038,2.450603,1258137185,856730158,401407027
1039,2.507489,1264606002,859963528,404642474
1040,2.457563,1254071415,855157270,398914145
1041,2.492057,1260565176,858403110,402162066
1042,2.510227,1265461520,860858048,404603472
1043,2.478175,1271980273,864116382,407863891
1044,2.505919,1274099982,865210368,408889614
1045,2.505627,1280643775,868481220,412162555
1046,2.499868,1285577743,870954996,414622747
1047,2.518333,1292146624,874238390,417908234
1048,2.655034,1289467232,873028874,416438358
1049,2.507749,1296061249,876324834,419736415
1050,2.507139,1301032985,878817520,422215465
1051,2.493542,1307652186,882126070,425526116
1052,2.542369,1309803919,883236330,426567589
1053,2.576599,1316448352,886557494,429890858
1054,2.589969,1321458000,889069162,432388838
1055,2.526464,1328127713,892402964,435724749
1056,2.556710,1304372833,882164186,422208647
1057,2.490518,1311067874,885510650,425557224
1058,2.513390,1316115578,888041372,428074206
1059,2.542370,1322835995,891400522,431435473
1060,2.533190,1325019992,892527176,432492816
1061,2.596761,1331765833,895899036,435866797
1062,2.616959,1336851737,898448884,438402853
1063,2.637676,1343623050,901833478,441789572
1064,2.639683,1340856482,900582368,440274114
1065,2.576193,1347653315,903979720,443673595
1066,2.617357,1352777563,906548766,446228797
1067,2.587815,1359599964,909958900,449641064
1068,2.562121,1361816465,911102068,450714397
1069,2.556758,1368664482,914525008,454139474
1070,2.620121,1373827218,917113324,456713894
1071,2.744825,1380700899,920549094,460151805
1072,2.651916,1369473344,915410630,454062714
1073,2.608771,1376372737,918859254,457513483
1074,2.645979,1381574105,921466912,460107193
1075,2.656584,1388499258,924928414,463570844
1076,2.805920,1390748503,926088216,464660287
1077,2.693829,1397699464,929562620,468136844
1078,2.794401,1402939608,932189692,470749916
1079,2.735753,1409916425,935677022,474239403
1080,2.731982,1407061289,934383622,472677667
1081,2.766976,1414064010,937883902,476180108
1082,2.894686,1419343074,940530460,478812614
1083,2.809754,1426371747,944043714,482328033
1084,2.854537,1428653976,945220270,483433706
1085,2.971362,1435708649,948746522,486962127
1086,2.862761,1441026777,951412638,489614139
1087,2.856157,1448107498,954951912,493155586
1088,2.758578,1403626695,938560198,465066497
1089,2.749174,1410733512,942112518,468620994
1090,2.750375,1416090848,944798264,471292584
1091,2.778262,1423223809,948363654,474860155
1092,2.811593,1425539262,949557084,475982178
1093,2.901800,1432698415,953135568,479562847
1094,2.767521,1438095103,955841016,482254087
1095,2.766339,1445280496,959432618,485847878
1096,2.725627,1442335400,958096232,484239168
1097,2.755972,1449547081,961700976,487846105
1098,2.745337,1454983265,964426198,490557067
1099,2.781034,1462221282,968044108,494177174
1100,2.795642,1464570199,969254532,495315667
1101,2.799466,1471834600,972885632,498948968
1102,2.824322,1477310424,975630700,501679724
1103,2.841173,1484601257,979275014,505326243
1104,2.898767,1472658702,973793328,498865374
1105,2.818553,1479976015,977450880,502525135
1106,2.815603,1485491623,980215866,505275757
1107,2.829392,1492835464,983886680,508948784
1108,2.854191,1495218085,985114218,510103867
1109,2.870512,1502588502,988798318,513790184
1110,2.892046,1508144038,991583294,516560744
1111,2.935493,1515541079,995280704,520260375
1112,2.905808,1512504631,993900636,518603995
1113,2.895205,1519928344,997611380,522316964
1114,2.926213,1525523952,1000416418,525107534
1115,2.962358,1532974385,1004140520,528833865
1116,2.948185,1535390950,1005385292,530005658
1117,2.962974,1542868151,1009122776,533745375
1118,2.989745,1548503975,1011947948,536556027
1119,2.961658,1556007992,1015698838,540309154
1120,2.924259,1529036768,1003952474,525084294
1121,2.953248,1536567649,1007716794,528850855
1122,2.989877,1542243833,1010562172,531681661
1123,2.974077,1549801626,1014339946,535461680
1124,2.947330,1552252375,1015602072,536650303
1125,3.001073,1559837128,1019393324,540443804
1126,3.182029,1565553816,1022258980,543294836
1127,3.124409,1573165577,1026063734,547101843
1128,3.145683,1570036385,1024639288,545397097
1129,3.168574,1577675202,1028457568,549217634
1130,3.145858,1583432538,1031343574,552088964
1131,3.132696,1591098459,1035175404,555923055
1132,3.190073,1593583632,1036455004,557128628
1133,3.194455,1601276705,1040300408,560976297
1134,3.163815,1607074833,1043206836,563867997
1135,3.188006,1614795106,1047065838,567729268
1136,3.306408,1602115519,1041229914,560885605
1137,3.258342,1609863040,1045102538,564760502
1138,3.228928,1615702104,1048029460,567672644
1139,3.190287,1623476921,1051915730,571561191
1140,3.184391,1625996758,1053212924,572783834
1141,3.244039,1633798919,1057112864,576686055
1142,3.318051,1639679063,1060060352,579618711
1143,3.291222,1647508616,1063973986,583534630
1144,3.295229,1644285288,1062504466,581780822
1145,3.368498,1652142281,1066431818,585710463
1146,3.393017,1658063649,1069399944,588663705
1147,3.303768,1665948130,1073341038,592607092
1148,3.248301,1668502871,1074655946,593846925
1149,3.237240,1676414888,1078610806,597804082
1150,3.263711,1682377624,1081599642,600777982
1151,3.322474,1690317225,1085568292,604748933
1152,3.190673,1618534801,1070878706,547656095
1153,3.188999,1626502034,1074861170,551640864
1154,3.062257,1632506282,1077870788,554635494
1155,3.074739,1640501195,1081867090,558634105
1156,3.125343,1643091080,1083199832,559891248
1157,3.228415,1651113721,1087209996,563903725
1158,3.158843,1657159625,1090240468,566919157
1159,3.155384,1665210042,1094264518,570945524
1160,3.106857,1661891186,1092749228,569141958
1161,3.155207,1669969427,1096787188,573182239
1162,3.233189,1676057131,1099838586,576218545
1163,3.223379,1684163244,1103890480,580272764
1164,3.259478,1686788513,1105241176,581547337
1165,3.210168,1694922546,1109307028,585615518
1166,3.236219,1701052194,1112379424,588672770
1167,3.341962,1709214195,1116459258,592754937
1168,3.306004,1695775544,1110258080,585517464
1169,3.417892,1703965561,1114351920,589613641
1170,3.285974,1710137297,1117445386,592691911
1171,3.292548,1718355378,1121553256,596802122
1172,3.386751,1721016271,1122922026,598094245
1173,3.405100,1729262464,1127043950,602218514
1174,3.440699,1735476432,1130158558,605317874
1175,3.494711,1743750785,1134294560,609456225
1176,3.481197,1740335009,1132732804,607602205
1177,3.527080,1748637570,1136882908,611754662
1178,3.519161,1754893914,1140018730,614875184
1179,3.542654,1763224731,1144182960,619041771
1180,3.497267,1765921488,1145569924,620351564
1181,3.514059,1774280609,1149748304,624532305
1182,3.585943,1780579473,1152905412,627674061
1183,3.584469,1788966946,1157097966,631868980
1184,3.480465,1758576002,1143742328,614833674
1185,3.558365,1766991875,1147949080,619042795
1186,3.541125,1773333403,1151127546,622205857
1187,3.549066,1781777724,1155348520,626429204
1188,3.448569,1784510585,1156753798,627756787
1189,3.540708,1792983402,1160989018,631994384
1190,3.512702,1799367738,1164188914,635178824
1191,3.545258,1807869099,1168438404,639430695
1192,3.449990,1804355011,1166829486,637525525
1193,3.579480,1812884964,1171093270,641791694
1194,3.589912,1819312252,1174314668,644997584
1195,3.623516,1827870845,1178592770,649278075
1196,3.718157,1830640050,1180016482,650623568
1197,3.589366,1839227331,1184308926,654918405
1198,3.740296,1845697715,1187551898,658145817
1199,3.666894,1854313732,1191858708,662455024
1200,3.541063,1840093985,1185281260,654812725
1201,3.661549,1848738786,1189602460,659136326
1202,3.598904,1855252410,1192867078,662385332
1203,3.671244,1863926043,1197202692,666723351
1204,3.828555,1866731832,1198644958,668086874
1205,3.827585,1875434345,1202995010,672439335
1206,3.744752,1881991353,1206281346,675710007
1207,3.719329,1890722794,1210645860,680076934
1208,3.721737,1887109002,1208989084,678119918
1209,3.725706,1895869419,1213368084,682501335
1210,3.818618,1902469955,1216676210,685793745
1211,3.758951,1911259396,1221069720,690189676
1212,3.889685,1914102009,1222530660,691571349
1213,3.792885,1922920522,1226938704,695981818
1214,3.847534,1929564730,1230268692,699296038
1215,3.920795,1938412363,1234691294,703721069
1216,3.631260,1881041600,1212559982,668481618
1217,3.626949,1889918401,1216997166,672921235
1218,3.658399,1896606425,1220349088,676257337
1219,3.840166,1905512442,1224800878,680711564
1220,3.915097,1908392119,1226280612,682111507
1221,3.842014,1917327400,1230747032,686580368
1222,3.765331,1924059384,1234120960,689938424
1223,3.814076,1933023977,1238602034,694421943
1224,3.977107,1929309089,1236896704,692412385
1225,3.810275,1938303042,1241392456,696910586
1226,3.825123,1945079130,1244788462,700290668
1227,3.892109,1954102491,1249298916,704803575
1228,3.947908,1957019472,1250797564,706221908
1229,4.058121,1966072289,1255322744,710749545
1230,4.020326,1972892625,1258740900,714151725
1231,3.927407,1981974946,1263280830,718694116
1232,3.869425,1966952071,1256316096,710635975
1233,3.964646,1976063944,1260870800,715193144
1234,3.982832,1982928672,1264311178,718617494
1235,4.027598,1992070145,1268880680,723189465
1236,4.093463,1995024670,1270398362,724626308
1237,3.990052,2004195791,1274982686,729213105
1238,3.924086,2011105055,1278445358,732659697
1239,4.001509,2020305872,1283044528,737261344
1240,4.050195,2016488496,1281289948,735198548
1241,3.940361,2025719057,1285903988,739815069
1242,3.977387,2032673001,1289389026,743283975
1243,3.946273,2041933354,1294017960,747915394
1244,3.994605,2044925663,1295554796,749370867
1245,4.000478,2054215856,1300198648,754017208
1246,4.053286,2061214624,1303706124,757508500
1247,4.218411,2070534705,1308364918,762169787
1248,4.009659,2036520665,1293298318,743222347
1249,4.023912,2045870682,1297972078,747898604
1250,4.062813,2052914418,1301502064,751412354
1251,4.108176,2062294419,1306190814,756103605
1252,4.165559,2065324752,1307746924,757577828
1253,4.207104,2074734785,1312450688,762284097
1254,4.112320,2081823633,1316003256,765820377
1255,4.090352,2091263746,1320722058,770541688
1256,4.228206,2087342490,1318917532,768424958
1257,4.172086,2096812731,1323651396,773161335
1258,4.163664,2103946835,1327226618,776720217
1259,4.120142,2113447252,1331975568,781471684
1260,4.121656,2116515849,1333551072,782964777
1261,4.207570,2126046490,1338315132,787731358
1262,4.171582,2133225994,1341913080,791312914
1263,4.214270,2142786907,1346692274,796094633
1264,4.334932,2126938872,1339329238,787609634
1265,4.374833,2136530105,1344123590,792406515
1266,4.336501,2143755153,1347744336,796010817
1267,4.262429,2153376754,1352553870,800822884
1268,4.354246,2156483855,1354148888,802334967
1269,4.205705,2166135872,1358973628,807162244
1270,4.246790,2173406608,1362617244,810789364
1271,4.372334,2183089089,1367457214,815631875
1272,4.461728,2179062561,1365602046,813460515
1273,4.484904,2188775554,1370457270,818318284
1274,4.449921,2196092122,1374123828,821968294
1275,4.381442,2205835675,1378994330,826841345
1276,4.385764,2208981520,1380608982,828372538
1277,4.709771,2218755681,1385494786,833260895
1278,4.621100,2226118225,1389184358,836933867
1279,4.557666,2235923042,1394085488,841837554
1280,4.250122,2151969975,1431369850,720600125
1281,4.406698,2161805496,1436286330,725519166
1282,4.377377,2169214160,1439998988,729215172
1283,4.434517,2179080433,1444930842,734149591
1284,4.314589,2182265262,1446565248,735700014
1285,4.434195,2192162335,1451512500,740649835
1286,4.389921,2199617263,1455248316,744368947
1287,4.383655,2209545184,1460210990,749334194
1288,4.253651,2205411992,1458304484,747107508
1289,4.284536,2215370809,1463282604,752088205
1290,4.434425,2222872145,1467041650,755830495
1291,4.411486,2232861906,1472035240,760826666
1292,4.479270,2236085959,1473689520,762396439
1293,4.542313,2246106712,1478698604,767408108
1294,4.496169,2253654600,1482480952,771173648
1295,4.634420,2263706393,1487505554,776200839
1296,4.545343,2247011166,1479733200,767277966
1297,4.515412,2257094047,1484773344,772320703
1298,4.591666,2264688631,1488579066,776109565
1299,4.697403,2274802648,1493634776,781167872
1300,4.511700,2278066165,1495309050,782757115
1301,4.555278,2288211366,1500380350,787831016
1302,4.656724,2295852790,1504209518,791643272
1303,4.809887,2306029223,1509296432,796732791
1304,4.573501,2301787975,1507337892,794450083
1305,4.674439,2311995688,1512440444,799555244
1306,4.545160,2319684096,1516293130,803390966
1307,4.634255,2329923137,1521411344,808511793
1308,4.582775,2333226358,1523105732,810120626
1309,4.615075,2343496775,1528239632,815257143
1310,4.560786,2351232311,1532115908,819116403
1311,4.700515,2361534152,1537265518,824268634
1312,4.717808,2323693640,1520386268,803307372
1313,4.852973,2334026953,1525551612,808475341
1314,4.585887,2341809761,1529451550,812358211
1315,4.697200,2352174594,1534632652,817541942
1316,4.603989,2355517759,1536347274,819170485
1317,4.817486,2365914160,1541544158,824370002
1318,4.626781,2373744384,1545467830,828276554
1319,4.699174,2384172401,1550680520,833491881
1320,4.655635,2379821705,1548669250,831152455
1321,4.678728,2390281386,1553897770,836383616
1322,4.676982,2398159170,1557845248,840313922
1323,4.735185,2408650563,1563089622,845560941
1324,4.750857,2412033912,1564824598,847209314
1325,4.737259,2422557065,1570084850,852472215
1326,4.804998,2430482553,1574056206,856426347
1327,4.802425,2441037514,1579332360,861705154
1328,4.923319,2423473063,1571139672,852333391
1329,4.897190,2434059880,1576431752,857628128
1330,4.949680,2442033216,1580427058,861606158
1331,4.849062,2452651937,1585735088,866916849
1332,4.847756,2456075710,1587490538,868585172
1333,4.837117,2466726383,1592814542,873911841
1334,4.817926,2474747711,1596833870,877913841
1335,5.192183,2485430384,1602173872,883256512
1336,4.997601,2480968848,1600109176,880859672
1337,5.139628,2491683569,1605465200,886218369
1338,5.098449,2499753033,1609508622,890244411
1339,4.978412,2510499850,1614880692,895619158
1340,4.906947,2513964287,1616656736,897307551
1341,5.116582,2524743248,1622044876,902698372
1342,5.220494,2532860992,1626112464,906748528
1343,5.382278,2543672145,1631516698,912155447
1344,5.023610,2471791182,1602835668,868955514
1345,5.148037,2482634575,1608256020,874378555
1346,4.996758,2490800743,1612347846,878452897
1347,4.919367,2501676424,1617784340,883892084
1348,4.900611,2505181765,1619581098,885600667
1349,4.830609,2516089782,1625033758,891056024
1350,4.953194,2524304518,1629149894,895154624
1351,4.973855,2535244919,1634618744,900626175
1352,4.946710,2530671151,1632499926,898171225
1353,5.040014,2541643984,1637984990,903658994
1354,5.168297,2549907432,1642125508,907781924
1355,4.959871,2560912745,1647626810,913285935
1356,5.006195,2564459230,1649444402,915014828
1357,5.023620,2575497071,1654961966,920535105
1358,5.367913,2583809375,1659126938,924682437
1359,5.309506,2594879792,1664660788,930219004
1360,5.248461,2576424085,1656036750,920387335
1361,5.415624,2587527126,1661586910,925940216
1362,5.259086,2595888430,1665776408,930112022
1363,5.337608,2607024143,1671342902,935681241
1364,5.346666,2610612012,1673181448,937430564
1365,5.394060,2621780445,1678764300,943016145
1366,5.509683,2630190893,1682978396,947212497
1367,5.284354,2641392094,1688577630,952814464
1368,5.277610,2636704702,1686403994,950300708
1369,5.156212,2647938719,1692019634,955919085
1370,5.272535,2656398455,1696258400,960140055
1371,5.428015,2667665336,1701890470,965774866
1372,5.571106,2671294829,1703750090,967544739
1373,5.338527,2682594622,1709398614,973196008
1374,5.452395,2691103790,1713662122,977441668
1375,5.569349,2702436543,1719327124,983109419
1376,5.509658,2660566183,1700533536,960032647
1377,5.531290,2671931944,1706215040,965716904
1378,5.509819,2680490688,1710503362,969987326
1379,5.603586,2691889505,1716201392,975688113
1380,5.453007,2695560862,1718082206,977478656
1381,5.398891,2706992783,1723796786,983195997
1382,5.463529,2715601247,1728109994,987491253
1383,5.688957,2727066320,1733841148,993225172
1384,5.561374,2722263912,1731611998,990651914
1385,5.681209,2733762185,1737359750,996402435
1386,5.655671,2742420513,1741697916,1000722597
1387,5.695225,2753952034,1747462290,1006489744
1388,5.694374,2757665495,1749364418,1008301077
1389,5.706263,2769230312,1755145438,1014084874
1390,5.732417,2777938648,1759508634,1018430014
1391,5.680918,2789536809,1765306324,1024230485
1392,5.656322,2770167814,1756239920,1013927894
1393,5.630337,2781799367,1762054304,1019745063
1394,5.721184,2790557855,1766442602,1024115253
1395,5.812250,2802222848,1772273704,1029949144
1396,5.813097,2805978653,1774197266,1031781387
1397,5.836712,2817677134,1780045110,1037632024
1398,5.859039,2826485918,1784458582,1042027336
1399,5.879084,2838217935,1790323192,1047894743
1400,5.847788,2833299119,1788037832,1045261287
1401,5.612180,2845064720,1793919232,1051145488
1402,6.005584,2853923944,1798357950,1055565994
1403,5.889213,2865723177,1804256164,1061467013
1404,5.868822,2869521566,1806201280,1063320286
1405,5.891493,2881354479,1812116332,1069238147
1406,5.702054,2890264287,1816580368,1073683919
1407,6.048532,2902130928,1822512282,1079618646
1408,5.463284,2781563072,1788370214,993192858
1409,5.459985,2793463489,1794319014,999144475
1410,5.664851,2802424025,1798808440,1003615585
1411,5.610456,2814358266,1804774150,1009584116
1412,5.644566,2818199479,1806740940,1011458539
1413,5.572814,2830167592,1812723584,1017444008
1414,5.569680,2839179000,1817238472,1021940528
1415,5.457845,2851181033,1823238074,1027942959
1416,5.778602,2846144417,1820895808,1025248609
1417,5.858206,2858180418,1826912392,1031268026
1418,5.797751,2867242842,1831452814,1035790028
1419,5.597657,2879312859,1837486404,1041826455
1420,5.601648,2883197136,1839474988,1043722148
1421,5.855688,2895301217,1845525608,1049775609
1422,5.698419,2904414801,1850091636,1054323165
1423,5.702799,2916552994,1856159310,1060393684
1424,5.834743,2896248679,1846639524,1049609155
1425,6.002711,2908421032,1852724276,1055696756
1426,5.719012,2917585920,1857315982,1060269938
1427,5.781433,2929792481,1863417836,1066374645
1428,5.979620,2933720062,1865428334,1068291728
1429,6.047124,2945960879,1871547314,1074413565
1430,6.132972,2955177215,1876164770,1079012445
1431,6.134296,2967452336,1882300900,1085151436
1432,6.102540,2962296528,1879901032,1082395496
1433,6.102212,2974606001,1886054336,1088551665
1434,5.759272,2983873929,1890697614,1093176315
1435,5.951778,2996217802,1896868116,1099349686
1436,5.921146,3000188927,1898900648,1101288279
1437,6.027990,3012567248,1905088372,1107478876
1438,6.233767,3021886912,1909757544,1112129368
1439,6.180592,3034299729,1915962514,1118337215
1440,6.047207,2988196145,1895152900,1093043245
1441,5.987671,3000643506,1901375140,1099268366
1442,6.001359,3010015050,1906070278,1103944772
1443,5.911170,3022497003,1912309812,1110187191
1444,5.898404,3026511912,1914364498,1112147414
1445,5.965361,3039028505,1920621350,1118407155
1446,6.212776,3048452073,1925342526,1123109547
1447,6.194373,3061003354,1931616720,1129386634
1448,6.190001,3055726962,1929158554,1126568408
1449,5.995476,3068312979,1935450114,1132862865
1450,6.072533,3077788715,1940197400,1137591315
1451,6.286350,3090409516,1946506350,1143903166
1452,6.254292,3094468449,1948583310,1145885139
1453,6.161416,3107124082,1954909674,1152214408
1454,6.295155,3116652130,1959683142,1156968988
1455,6.235840,3129342643,1966026944,1163315699
1456,6.233501,3108080976,1956042760,1152038216
1457,6.251265,3120806417,1962404024,1158402393
1458,6.444266,3130386921,1967203746,1163183175
1459,6.367550,3143147338,1973582496,1169564842
1460,6.250541,3147250535,1975681850,1171568685
1461,6.525775,3160045976,1982078110,1177967866
1462,6.461348,3169679080,1986904158,1182774922
1463,6.610627,3182509593,1993317952,1189191641
1464,6.267179,3177111225,1990800792,1186310433
1465,6.354803,3189976858,1997232144,1192744714
1466,6.501908,3199662706,2002084590,1197578116
1467,6.592579,3212563507,2008533524,1204029983
1468,6.652047,3216711208,2010655392,1206055816
1469,6.474175,3229647225,2017121932,1212525293
1470,6.435169,3239385961,2022000848,1217385113
1471,6.721901,3252357242,2028485018,1223872224
1472,6.466991,3164345839,1992444150,1171901689
1473,6.529035,3177352432,1998945974,1178406458
1474,6.360102,3187144200,2003851432,1183292768
1475,6.282310,3200186153,2010370934,1189815219
1476,6.587645,3204378598,2012515436,1191863162
1477,6.646845,3217455959,2019052640,1198403319
1478,6.676044,3227300903,2023984712,1203316191
1479,6.631886,3240413720,2030539642,1209874078
1480,6.381205,3234891984,2027962792,1206929192
1481,6.689634,3248040305,2034535472,1213504833
1482,6.698892,3257938569,2039494230,1218444339
1483,6.509842,3271122442,2046084684,1225037758
1484,6.444133,3275359871,2048251940,1227107931
1485,6.574144,3288579344,2054860192,1233719152
1486,6.711736,3298531072,2059845708,1238685364
1487,6.536872,3311786193,2066471782,1245314411
1488,6.536828,3289545142,2056012184,1233532958
1489,6.837755,3302835959,2062656104,1240179855
1490,6.621138,3312841295,2067668450,1245172845
1491,6.678784,3326167856,2074330240,1251837616
1492,6.483290,3330450509,2076520370,1253930139
1493,6.636124,3343812862,2083200054,1260612808
1494,6.931767,3353871950,2088239302,1265632648
1495,6.931477,3367270143,2094936904,1272333239
1496,6.926792,3361623647,2092299668,1269323979
1497,7.005341,3375057728,2099015212,1276042516
1498,7.096899,3385170712,2104081434,1281089278
1499,7.027487,3398640729,2110814944,1287825785
1500,7.124225,3402968846,2113028068,1289940778
